148
428
765
988
1200
1407
1619
1861
2069
2275
2481
2698
2917
3128
3320
3526
3729
3953
4201
4412
4614
4820
5012
5256
5510
5716
5925
6133
6355
6566
6772
6988
7202
7415
7633
7841
8042
8250
8469
8697
8949
9193
9430
9674
9887
10189
10387
10586
10776
10973
11177
11383
11584
11819
12031
12230
12467
12656
12846
13031
13249
13464
13652
13831
14032
14240
14478
14702
14916
15117
15343
15550
15775
15968
16150
16329
16521
16756
16955
17132
17318
17512
17738
18015
18210
18407
18678
18925
19156
19365
19567
19762
20006
20268
20499
20685
20937
21203
21480
21708
21903
22138
22403
22650
22921
23165
23352
23551
23758
23998
24263
24468
24667
24877
25080
25294
25482
25682
25889
26083
26297
26504
26703
26901
27098
27318
27552
27750
27950
28157
28354
28594
28809
29024
29220
29425
29639
29861
30060
30253
30448
30640
30872
31083
31279
31472
31673
31915
32126
32324
32513
32700
32923
33162
33377
33577
33765
33965
34183
34382
34559
34740
34923
35152
35387
35580
35767
35949
36152
36372
36573
36762
36945
37126
37368
37629
37828
38009
38201
38396
38623
38821
39041
39257
39454
39688
39900
40102
40289
40481
40703
40920
41151
41387
41586
41790
42058
42271
42481
42697
42901
43122
43323
43516
43720
43911
44116
44360
44560
44754
44939
45121
45343
45532
45718
45913
46124
46357
46583
46789
46992
47189
47396
47622
47833
48023
48210
48401
48625
48841
49034
49239
49433
49631
49841
50027
50221
50391
50589
50831
51047
51248
51452
51645
51869
52085
52278
52478
52663
52871
53181
53381
53578
53760
53939
54167
54369
54570
54786
55039
55301
55549
55755
55955
56159
56370
56602
56799
56979
57169
57364
57587
57805
57992
58190
58387
58590
58820
59022
59230
59423
59614
59865
60089
60289
60487
60697
60908
61129
61318
61524
61731
61927
62144
62342
62554
62759
62957
63179
63392
63579
63801
64044
64293
64524
64731
64939
65131
65329
65545
65746
65947
66147
66348
66562
66784
66983
67158
67346
67535
67758
67942
68129
68314
68534
68809
69074
69278
69461
69647
69848
70082
70291
70482
70675
70852
71074
71296
71487
71672
71860
72069
72359
72573
72760
73046
73300
73561
73775
73994
74171
74360
74568
74797
74994
75188
75406
75609
75840
76034
76215
76402
76579
76795
77000
77222
77428
77635
77853
78078
78267
78457
78645
78832
79038
79236
79432
79624
79815
80029
80243
80438
80632
80837
81035
81275
81468
81673
81876
82089
82319
82545
82756
82954
83148
83360
83570
83761
83961
84154
84367
84598
84799
84985
85181
85388
85614
85817
86008
86189
86370
86578
86821
87035
87231
87427
87618
87836
88036
88217
88403
88582
88787
89013
89218
89415
89617
89801
90024
90234
90419
90614
90809
91040
91310
91508
91690
91883
92093
92312
92511
92717
92920
93105
93322
93525
93713
93905
94098
94308
94527
94750
94994
95204
95393
95642
95856
96071
96280
96470
96687
96900
97099
97308
97501
97709
97939
98139
98340
98531
98730
98941
99137
99332
99544
99744
99989
100260
100472
100676
100877
101070
101290
101491
101679
101884
102064
102273
102486
102677
102865
103055
103248
103467
103656
103844
104037
104229
104474
104686
104890
105091
105288
105482
105705
105897
106101
106295
106489
106718
106923
107109
107301
107485
107690
107940
108123
108326
108541
108753
109062
109280
109482
109672
109905
110149
110350
110541
110728
110912
111129
111339
111527
111722
111912
112109
112316
112513
112709
112906
113101
113329
113640
113844
114051
114249
114437
114654
114846
115033
115214

